41
334 169 478 962 705 281 961 995 827 391
902 292 1194 421 718 447 771 869 1640 667
2307 35 703 322 673 141 814 253 1067 547
662 37 699 723 529 1252 316 190 288 478
40 264 304 446 890 370 6 393 629 84
713 756 966 931 1897 944 626 1570 537 2107
118 929 833 639 704 977 673 21 924 945
270 777 97 986 161 355 655 1010 31 1041
350 1391 941 2332 966 3298 107 7 457 753
945 209 221 422 643 506 1149 413 900 762
410 624 548 595 602 291 374 665 596 348
668 1016 281 53 334 418 900 127 728 855
648 1503 807 310 813 1123 309 935 600 519
798 224 1022 844 989 195 1184 93 523 314
448 458 580 798 589 9 598 472 538 1010
38 190 958 815 1773 156 202 272 328 362
875 869 844 881 322 21 557 892 75 600
3 603 861 401 255 656 2 658 182 840
88 928 617 832 169 721 976 368 425 793
434 1227 441 145 718 139 279 418 687 1105
549 1654 866 2520 193 297 490 286 776 488
1264 455 114 569 316 885 786 313 1099 185
1284 912 832 313 321 634 646 1280 481 1761
196 129 325 535 173 44 292 253 154 745
186 474 168 787 958 202 1160 477 1637 314
334 372 833 487 1320 518 773 763 1536 192
102 213 315 802 1117 527 543 1070 23 61
3 505 725 492 1217 222 64 286 187 413
270 683 235 711 896 285 1181 140 695 19
714 576 1290 658 1948 371 678 851 18 119
137 800 60 10 170 576 43 164 882 1046
565 1611 577 625 1202 629 423 902 1325 123
737 860 195 264 459 202 661 30 691 11
411 153 564 790 188 978 940 1918 662 900
1562 958 2520 365 477 58 535 303 838 357
477 113 590 801 460 993 405 111 835 946
72 1018 823 1841 556 626 526 1152 337 869
896 617 717 585 423 229 559 788 296 53
584 637 654 1291 457 532 607 911 1518 67
675 223 754 977 741 459 221 626 205 831
850 1681 279 193 637 556 1193 176 1369 962
881 413 855 142 611 753 424 752 296 1048
40 1088 875 818 1693 17 1710 112 169 40
209 685 894 497 990 1487 353 651 1004 44
335 192 264 456 503 959 775 1734 292 549
561 1110 467 129 596 813 601 215 816 213
1029 824 392 670 1062 27 1089 75 498 573
287 604 221 825 706 10 716 489 164 619
591 818 1409 750 975 303 1278 98 584 682
971 913 545 546 769 1315 519 289 865