My Array
41 334 169 478 962 705 281 961 995 827 
391 902 292 1194 421 718 447 771 869 1640 
667 2307 35 703 322 673 141 814 253 1067 
547 662 37 699 723 529 1252 316 190 288 
478 40 264 304 446 890 370 6 393 629 
84 713 756 966 931 1897 944 626 1570 537 
2107 118 929 833 639 704 977 673 21 924 
945 270 777 97 986 161 355 655 1010 31 
1041 350 1391 941 2332 966 3298 107 7 457 
753 945 209 221 422 643 506 1149 413 900 
762 410 624 548 595 602 291 374 665 596 
348 668 1016 281 53 334 418 900 127 728 
855 648 1503 807 310 813 1123 309 935 600 
519 798 224 1022 844 989 195 1184 93 523 
314 448 458 580 798 589 9 598 472 538 
1010 38 190 958 815 1773 156 202 272 328 
362 875 869 844 881 322 21 557 892 75 
600 3 603 861 401 255 656 2 658 182 
840 88 928 617 832 169 721 976 368 425 
793 434 1227 441 145 718 139 279 418 687 
1105 549 1654 866 2520 193 297 490 286 776 
488 1264 455 114 569 316 885 786 313 1099 
185 1284 912 832 313 321 634 646 1280 481 
1761 196 129 325 535 173 44 292 253 154 
745 186 474 168 787 958 202 1160 477 1637 
314 334 372 833 487 1320 518 773 763 1536 
192 102 213 315 802 1117 527 543 1070 23 
61 3 505 725 492 1217 222 64 286 187 
413 270 683 235 711 896 285 1181 140 695 
19 714 576 1290 658 1948 371 678 851 18 
119 137 800 60 10 170 576 43 164 882 
1046 565 1611 577 625 1202 629 423 902 1325 
123 737 860 195 264 459 202 661 30 691 
11 411 153 564 790 188 978 940 1918 662 
900 1562 958 2520 365 477 58 535 303 838 
357 477 113 590 801 460 993 405 111 835 
946 72 1018 823 1841 556 626 526 1152 337 
869 896 617 717 585 423 229 559 788 296 
53 584 637 654 1291 457 532 607 911 1518 
67 675 223 754 977 741 459 221 626 205 
831 850 1681 279 193 637 556 1193 176 1369 
962 881 413 855 142 611 753 424 752 296 
1048 40 1088 875 818 1693 17 1710 112 169 
40 209 685 894 497 990 1487 353 651 1004 
44 335 192 264 456 503 959 775 1734 292 
549 561 1110 467 129 596 813 601 215 816 
213 1029 824 392 670 1062 27 1089 75 498 
573 287 604 221 825 706 10 716 489 164 
619 591 818 1409 750 975 303 1278 98 584 
682 971 913 545 546 769 1315 519 289 865 

SEQUENTIAL
iter1: size = 500 index= 0 mode= 0
41 334 169 478 962 705 281 961 995 827 391 902 292 1194 421 718 447 771 869 1640 667 2307 35 703 322 673 141 814 253 1067 547 662 37 699 723 529 1252 316 190 288 478 40 264 304 446 890 370 6 393 629 84 713 756 966 931 1897 944 626 1570 537 2107 118 929 833 639 704 977 673 21 924 945 270 777 97 986 161 355 655 1010 31 1041 350 1391 941 2332 966 3298 107 7 457 753 945 209 221 422 643 506 1149 413 900 762 410 624 548 595 602 291 374 665 596 348 668 1016 281 53 334 418 900 127 728 855 648 1503 807 310 813 1123 309 935 600 519 798 224 1022 844 989 195 1184 93 523 314 448 458 580 798 589 9 598 472 538 1010 38 190 958 815 1773 156 202 272 328 362 875 869 844 881 322 21 557 892 75 600 3 603 861 401 255 656 2 658 182 840 88 928 617 832 169 721 976 368 425 793 434 1227 441 145 718 139 279 418 687 1105 549 1654 866 2520 193 297 490 286 776 488 1264 455 114 569 316 885 786 313 1099 185 1284 912 832 313 321 634 646 1280 481 1761 196 129 325 535 173 44 292 253 154 745 186 474 168 787 958 202 1160 477 1637 314 334 372 833 487 1320 518 773 763 1536 192 102 213 315 802 1117 527 543 1070 23 61 3 505 725 492 1217 222 64 286 187 413 270 683 235 711 896 285 1181 140 695 19 714 576 1290 658 1948 371 678 851 18 119 137 800 60 10 170 576 43 164 882 1046 565 1611 577 625 1202 629 423 902 1325 123 737 860 195 264 459 202 661 30 691 11 411 153 564 790 188 978 940 1918 662 900 1562 958 2520 365 477 58 535 303 838 357 477 113 590 801 460 993 405 111 835 946 72 1018 823 1841 556 626 526 1152 337 869 896 617 717 585 423 229 559 788 296 53 584 637 654 1291 457 532 607 911 1518 67 675 223 754 977 741 459 221 626 205 831 850 1681 279 193 637 556 1193 176 1369 962 881 413 855 142 611 753 424 752 296 1048 40 1088 875 818 1693 17 1710 112 169 40 209 685 894 497 990 1487 353 651 1004 44 335 192 264 456 503 959 775 1734 292 549 561 1110 467 129 596 813 601 215 816 213 1029 824 392 670 1062 27 1089 75 498 573 287 604 221 825 706 10 716 489 164 619 591 818 1409 750 975 303 1278 98 584 682 971 913 545 546 769 1315 519 289 865 

PRIME
iter2: size = 500 index= 0 mode= 1
41 281 827 421 673 547 37 929 977 673 97 31 941 107 7 457 643 281 53 127 1123 523 881 557 3 401 2 617 139 193 569 313 313 173 787 1637 487 773 1117 23 61 3 1217 683 1181 19 137 43 577 661 691 11 113 823 337 617 229 53 1291 457 607 911 67 223 977 193 1193 881 1693 17 1487 353 503 467 601 619 1409 971 769 

COMPOSITE
iter3: size = 500 index= 1 mode= 2
334 169 478 962 705 961 995 391 902 292 1194 718 447 771 869 1640 667 2307 35 703 322 141 814 253 1067 662 699 723 529 1252 316 190 288 478 40 264 304 446 890 370 6 393 629 84 713 756 966 931 1897 944 626 1570 537 2107 118 833 639 704 21 924 945 270 777 986 161 355 655 1010 1041 350 1391 2332 966 3298 753 945 209 221 422 506 1149 413 900 762 410 624 548 595 602 291 374 665 596 348 668 1016 334 418 900 728 855 648 1503 807 310 813 309 935 600 519 798 224 1022 844 989 195 1184 93 314 448 458 580 798 589 9 598 472 538 1010 38 190 958 815 1773 156 202 272 328 362 875 869 844 322 21 892 75 600 603 861 255 656 658 182 840 88 928 832 169 721 976 368 425 793 434 1227 441 145 718 279 418 687 1105 549 1654 866 2520 297 490 286 776 488 1264 455 114 316 885 786 1099 185 1284 912 832 321 634 646 1280 481 1761 196 129 325 535 44 292 253 154 745 186 474 168 958 202 1160 477 314 334 372 833 1320 518 763 1536 192 102 213 315 802 527 543 1070 505 725 492 222 64 286 187 413 270 235 711 896 285 140 695 714 576 1290 658 1948 371 678 851 18 119 800 60 10 170 576 164 882 1046 565 1611 625 1202 629 423 902 1325 123 737 860 195 264 459 202 30 411 153 564 790 188 978 940 1918 662 900 1562 958 2520 365 477 58 535 303 838 357 477 590 801 460 993 405 111 835 946 72 1018 1841 556 626 526 1152 869 896 717 585 423 559 788 296 584 637 654 532 1518 675 754 741 459 221 626 205 831 850 1681 279 637 556 176 1369 962 413 855 142 611 753 424 752 296 1048 40 1088 875 818 1710 112 169 40 209 685 894 497 990 651 1004 44 335 192 264 456 959 775 1734 292 549 561 1110 129 596 813 215 816 213 1029 824 392 670 1062 27 1089 75 498 573 287 604 221 825 706 10 716 489 164 591 818 750 975 303 1278 98 584 682 913 545 546 1315 519 289 865 

FIBINOCCI
iter4: size = 500 index= 13 mode= 3
1194=902+292 1640=771+869 2307=1640+667 814=673+141 1067=814+253 699=662+37 1252=723+529 478=190+288 304=40+264 713=629+84 1897=966+931 1570=944+626 2107=1570+537 945=21+924 1010=355+655 1041=1010+31 1391=1041+350 2332=1391+941 3298=2332+966 643=221+422 1149=643+506 665=291+374 1016=348+668 334=281+53 855=127+728 1503=855+648 1123=310+813 1022=798+224 1184=989+195 598=589+9 1010=472+538 1773=958+815 603=600+3 656=401+255 658=656+2 840=658+182 928=840+88 793=368+425 1227=793+434 418=139+279 1105=418+687 1654=1105+549 2520=1654+866 490=193+297 776=490+286 1264=776+488 569=455+114 885=569+316 1099=786+313 1284=1099+185 634=313+321 1280=634+646 1761=1280+481 325=196+129 1160=958+202 1637=1160+477 1320=833+487 1536=773+763 315=102+213 1117=315+802 1070=527+543 1217=725+492 286=222+64 683=413+270 1181=896+285 714=695+19 1290=714+576 1948=1290+658 137=18+119 1046=164+882 1611=1046+565 1202=577+625 1325=423+902 860=123+737 459=195+264 661=459+202 691=661+30 564=411+153 978=790+188 1918=978+940 1562=662+900 2520=1562+958 535=477+58 838=535+303 590=477+113 946=111+835 1018=946+72 1841=1018+823 1152=626+526 788=229+559 637=53+584 1291=637+654 1518=607+911 977=223+754 831=626+205 1681=831+850 1193=637+556 1369=1193+176 753=142+611 1048=752+296 1088=1048+40 1693=875+818 1710=1693+17 209=169+40 894=209+685 1487=497+990 1004=353+651 456=192+264 959=456+503 1734=959+775 1110=549+561 596=467+129 816=601+215 1029=816+213 1062=392+670 1089=1062+27 573=75+498 825=604+221 716=706+10 1409=591+818 1278=975+303 682=98+584 1315=546+769 

